Cube
(6.3, 0.0, -0.8)
(0.0, -0.1, 0.0, -1.0)
(1.0, 1.0, 1.0)
Cube
(-1.6, 27.6, 0.0)
(0.8, 0.0, 0.3, -0.5)
(1.0, 1.0, 1.0)
Cube
(-3.1, 0.0, 1.5)
(0.2, 0.2, 0.7, 0.7)
(1.0, 1.0, 1.0)
Cube
(-14.8, 14.1, 0.0)
(-0.7, -0.2, -0.6, -0.4)
(1.0, 1.0, 1.0)
Cube
(-12.9, 18.0, 1.7)
(-0.2, -0.6, -0.2, 0.8)
(1.0, 1.0, 1.0)
Cube
(-7.8, 20.1, 1.5)
(0.0, 0.0, 0.1, 1.0)
(1.0, 1.0, 1.0)
Cube
(-9.7, 18.1, 0.1)
(-0.6, -0.1, 0.5, -0.6)
(1.0, 1.0, 1.0)
Cube
(-6.8, 18.1, 0.3)
(-0.6, -0.1, 0.7, 0.4)
(1.0, 1.0, 1.0)
Cube
(-7.5, 16.5, -0.1)
(-0.2, 0.0, 0.0, -1.0)
(1.0, 1.0, 1.0)
Cube
(-3.1, 16.8, 0.7)
(-0.5, 0.0, 0.6, -0.7)
(1.0, 1.0, 1.0)
Cube
(-8.3, 10.0, -0.4)
(0.5, 0.2, 0.4, -0.8)
(1.0, 1.0, 1.0)
Cube
(-4.2, 12.9, 0.0)
(0.3, 0.0, -0.4, -0.8)
(1.0, 1.0, 1.0)
Cube
(-3.6, 10.7, -0.1)
(0.7, 0.1, -0.7, -0.3)
(1.0, 1.0, 1.0)
Cube
(-2.1, 8.7, 0.0)
(0.7, 0.1, -0.8, 0.0)
(1.0, 1.0, 1.0)
Cube
(-0.7, 0.2, -0.1)
(-0.1, 0.0, 0.5, 0.9)
(1.0, 1.0, 1.0)
END
